140

1111111111, 11. 111, S. 111.) 111111111111Τ1111 111 111111 Τ111, 111111-Τ1111,

111111111111111 11111111 11111111. (81111 Cod. 111111111111111111111-

Ι1111111,111 11111111111111 111 Laudes 11 111 1111118121. Bd., S. 119,

11101111- 8.190, ccxv-Vl, 111111 (1111111111 111111111131111111111-

11111-1111111111111111 111 1111111 111 11111111 11111111, 111 Franz X. 11111,
8111121.)

LXIX.

1111111111, 1111111111111111111111111 1111111111 (111 0111111111)
1111111111 111 1111 81111111111 11111 11111111111111111111 1111 1111111111, 111
11111 11111111 11111 111111111111111111 11111 1111111111, 11111111 [11111111
1111111111. ’

Ρ111111111111111111, Ι1111111111111111111 1111111, 1111111111 11111 111
11111111-111111113. 0. 1111. 11 111 111111111111 Bestfitigungsurkunde 111111
111111111 1111111111 1111 1111111111 111 [1111111111 11 1111111111111 11111111
111111. (111111111111111, 11, S. 221.)

11111111111111111111111111 1111111111 11111 Tradit-ion 1111111 8111111111
1111111111 (1111111111 1111 111111 111111. (11111111111111111, 11. Jahrg. 1819,
1. 11,, l. 1111, S. 1, Note), 1111111111 111111111111111111111[1111111111
1111111111 111 Pernogg? 1111111111 weil Gerus und 111111111111 11111111
1111111 0111 1111111 1111111111 111 Ρ1111111111 11111 1111 1. 11311 1111111111
11111111, 111 1111111111 mag 1111 wohl sehon 20 11111 1111111, 1. 11111
1111111111 1111. ·

LXX. .

0111111111111·11111111111111111, 111 811111 1111111111 1111111 111
1111111111 111 11111111111, 111 denen 11111 11 1111111111. xxl 111
11111 1111.

1111111111 1111111 111111 1111111111111111111 Gebhard 11101111· 1111
1111111111. 111111 11111 1111111111111111111111111111181111111111, 111 81111
81111111 1., 1111111 111 3113111111, welche 11111 11111111 1111 3111111·
111111 1111 11111 1111111 (1111111111 111111111111111111 1101, 1. 11111111),
111 11111111112 1111111111 1111111111111 (M. 11111, 111. 111. 1,121);
11131111 1111111 1111 111 Η1111111111111111111 111 111 8111111111 111
1111111 [11111111 1.1101-1110 (11111 1111 11191, 11111111. hoie.) gasaht
1111111.

1111111111νῇ 1111 11111111111111811111111111111 1131111111 111 311111
111111 1111111111111111111, 11 1111 1111 111111111111111111, 1111101111 11111 1
11111 weit 11111111111 31111111 1131111111 111 111 11111111111811111
11111111111111111111111-11111111111 11111111, 11111111 [111-1111111111 2
negt 11111 weit 11111,111111111111 111 111111 111 3111111111. 1111111111
111111111111 1111111111 11 111 11111111 1111111 11311111 1111, 111
Dr. v. 1111111111 111 Noto 1111, 8. 216, 1111111111111111111111111 11111111
11111111. (Vgl. 1111 111. CXV.) 111111111111111111 811111111 111. 111. 8108,
111. 101, 11111111 111 11131111111 8111111111 11111ιί11 11 1111111111 11 aaa·
zinadorf, 11110111111111 1111111111νῖ von Maxm. Fischer 11111111 1111

 

 

