0111111111, 011111111111 11-1. 1.

1158. 0011111. 70.
1111111, 1111111111 11 - 1. 1. 1160.
111111111111. ’
1111111111111, 1111111111 11 -
1. 1. 1115. 00111. 63.
0111111111,1111111111-1.1.1110.
00011. 89. 1. 1133. 00011111. 91.

1111111111, 01111111 11 filius ejus
011111 11-11. 1. 1170. 00011. 78.

m·

11111111 (1111ἱί ejus) mem. 1. 1095.
1111. 8.-1 1. 1100. 1111. 01111.
11.

01111111111111, 11111111 11
111111 ejus 1111111111 11 -— 1. 1.
1158. 0011111. 70.

11111, 11111111111 1101111111 111-
tresde - nom. 1. 1281. - 332.
1111111 (11111111118111111111, 1. 1.

1232. - 300.

11111111 (1111111111111111).
waltherus 11-1111111111, 1. 1.

1120011111111.1011-11123.
001111.-111300011100181.
188. - 1. 1110. CCLVIII. 63.- 1.
1130. 001111. 80. 00111. 67. -
1. 1120. 0001111. - 1. 1130.
000111. eet. 1. 1110. - 268.

1111111111 de - 1. 1110111111.
1. 1120. CXXXI. (Siehe 111111111-
111111111111111111.)

11111111 11-1.1.1122.-272. - 1.
1121.00111115001111118-1,
1130.001111.60.-1.11100011111.
02. - 1. 1131. 00011111. 93.

11111111 111111 Ernesti 11 -1, 1.

· 1130001111001.11100011111,
63. (811111 11111 1111111111.)

0111111111 nobilis de —- filius
Ernesti, 11111 1111111111111 11 peu
111111 111111111 11 1111111111. —- 1.
1110. 0011111. 62181.

11111111 11 - 1111111111, mem.
e. 1111011111 61. 0011111. 61.

395

Heidinrie'? (de 111111 fluvio) 1.
1120. 0001111. 00.

1111111, 1111111111 1111111111 11
0111111111 11 - ministeriales, 11. 1.
1110. 0011111. 63.

1111111111, 0111111 11 - 11. 1.
1150. 001111. 05.

111111111111 111111 ejus 1111111-
111 11 - (11 1111111.)11.1.1150. -
0011111163.-1.1160.001111111.
69.

011111111111111111 11 - 11. 1.
1160. 001011. 71.

11111111111(11111111111111)
1111111111 11 - 1. e. 1171. - 273.
1. 1. 1188. 000111. 81.

1111111111 11 - 1. 1. 1171. -
273. ’

1111111111, 0111111111 11 - 1. 1.
1175. 000111. 81.

1111111111111, 1111111111 ,- 1.
1121. 001111. 53.

Tru nti, 1. 1. 1170. 00101111. 711.

'Pruna (Tr 1111), 111111111111-
nobilis 1. e. 1120. 01111. 351. 1.
1121. CCXIII. 52. mo - 1. 1131.
00111.65.-1.1110.’00111111.68.

Ernst 11 - 1. 1. 1171. 0001 . 78.

1111111111 11 - 1. 1. 1289. 312.

1111111 11111111, mem. 1. 1216. —·
289.-1.1.1225.-291.
1111111111,1111ἰ111 cognomento -
mem. 1. 1232. - 200.
11111 vidua Nizonis, 1. 1. 1100.
1111. 11. 1³2.
111111 metrone, 1. 1. 1100. CXII. 31.
11111111111111111111,111110.
00011111. 80.
1111111111,111121010111118.
111111,1. 1. 1110. 00011111. 89.
111111111,1.1. 1120. 011111113.
1111111111 ministerialis marchionis,
1. 1. 1100. 01111. 30.
11111111.1.1.1100.111120-1.
1160. 00111111. 73.

 

