6666616, 66111. 63. 266.
1661616166 (1161616166, 16161666,
0. 11. Β.) 161.

, 666

166661 (11666616, 6666116166, 0.

w. w.) 6. ’6. 66666. 16. 666.
6666666666.

1631616616, 1111. 6. 116. 219. 166666616 0616616(666616616166,

264.
1611166616182.
9666166661 (1666666661, U. 11. Β.)
11. 3. 111. 262. 266. 261.
Por 6 , predium in Ioco, 611. 38. 167.
3666166661, 262. 266. 261.
Porta 66666111616,11. 7. m.
2611261.
16616-66666661666, 126.
161161666616 (1616616666911.
W.) LIV. 17. 166.

66166 1166666)γ 238. 239.

161113166661, predium 66 (811166-

doraum.) 6666616666.

Ρ6616, predium 16 1666- 66666 116-

1616, 66611111. 89. 266.

1661661666666 (16116666, U.

. 116.) 661111161168.

1611666661, 221.
6611666661 (11611666661, 0.w.

w.) 666. m.

Uumannisdorf (6666661161 (1611-

Potingin, predium (Pflding, 0.w. 6619111. 116. 261. 266. 261.
1666666166 (1661636616, 66666-

W.) 61111. 30. 161. 262.
Povet (Povat) 661111. 61. 161. garten 1611661661) 111111. 1111.
1661166666 (1166116666, U. W. 11. 666111111. 91. 666111. 96.

W.) 168. 262. 233.

16166166166661 (Ρ61666666661,0. Ρ6661, 66616616 66 (Purg, (1.1. B.)

W. W.) 166. 6611. 62. 176. 272. 361.
1666116166 (21631116, U. W. W.) 166616611661616 (3666661666,

168. 0613.) 111120. 6161118. 1116.
86661 66 666 161116(6. 166161- 166166661 (Ρ66666661, 0. W. W.)

6116166666). 6661178218.

6. 6111.

61616136611 (16113661161161166,
0. 113.) 66111. 63. 111. 191. 266.

6161166166661 (1616666661, U.
1111161.

616 6616 (666616), fluvius, Iocus 11.
3. 11111. 16111111. 12. 1111. 11.
6666166. 66666. 63. 666666.
11. 6611111. 66. 66611. 89.
666111111. 96. 111.128.126.
m· 266. 296. 312.

61661666 (1666666),128.

6166661666 (61661666, 0. W. W.)
300.

666161116 (1661611666, 1166661666
marcha) 11. 1. 11. 6. 121. m.
261266.

16611616116 (116616111166,0.11. W.)
VIII. 6. m· 2211219261..

6616161666 (1611116661, 0. W. W.)
122. 260.. 266.

66166666661 (1616666661, U. 111.
Β.) 6611111. 67, 168.

66116 (1611, 0. W. W.) 6661111.
811216.

61611666666616, 261266.

66116616, silva (0. II. B.) 161.

616666616661661(166661-
1661, 0. W. W.) 126. 121. 266.

616161, 11. 3. 111. 18. 166. 262.
266.

1611666661, 0. W. W. (predium
zedelmaeringen) 122.

23·

 

