 

 

 

129

XXXIII.

1110101000, 0001 000 8010101003, 00000 8011000031, 11000110 0011 001000
10001100 001 010001000000 (0011111100) 00 10080110100 001000. 8013001001.οο-
Ῑ 0011 11. (III), 30300 110 8110000 001 1111000 10 1001101100010000100 001011-
001100 80110011101110111003 (1100011003, 110000010001, 1001. U. II. Β.) 000
3 12. 1101 1001001000 1081001 1000110 1000110 110 0010110000 010 0010010
0000000 80110110010100. (Memoria occisorum 10 1110000νό003. IV. 1100 11011
, [12. 1101), 10100100 1001110010000010030010110010010. Archiv 110 110010
I 101000. 00001101103001100, 11181.. 1851, 8. 284. - 1110 80110011 0011010101
10 100 10001. 1101110000. 001 0010010000. 00001101. Ρο010,1100001.0000000100
1101, Τ. XI. — Seript. 11. - 100, 001.)

Το1110010, 0000011001 ’10001 0010 100 11101001. 801100 301 0001 1101010101
zum 800100101Ιο 001000 81100 00010100 0001100003 01 chambot, 000 8000010000,
0100 101 110000 10 10001000011010001001, 0010100 00000. U. II. B.

11001 dem 81000101100 100 000100 100 1010010117, 301 00100 (1000011ἰο
10111110 01008010 00 1000001100 0010, 001 001310 0101 0001 1000001ἰο 30300
00000 81111 0010 0011111113. (81010110. CXXXIX.) 1110 8010001003 100. 1100110,
100. 011. S. 86: ,1101101110 1010 110000 00000110 000 01000 01001300 8010, 000001,
30100001 0101 durch 110 801001003 1110101011 ,01 0000110011100000
0000000011 000101011101 0011001031. 1101111011 1010011000003000001008110010
100 0000110100 11011300 80110011 0030110011 001 0101 1011100001οη 11000
¹ 8001003001001001 In 01000 0001101300100 8010001003 100 (101110 mathilde
1 000100 000 mehr 110010011001101100110 001 010 8010 000001 3000001,
I 100 0001 sehon im ,10300111010011100 101103000110100 101. (81010110. 011111.)
80001000300 10010030100311011111000, waren 110 1101100100 000100
1 010101 01, 01001101 81111 0 01 1., 0001000 8000001001 001 11001003, 001
100000 800100 Gebhard 1., (1001 000 1100110001010, 000 dem 1100110 100. 01181
0000011010 „dass 00 00100 0001000 0100 80100 300100100 0011. 80 10110 0100
0001, 010 0101 1100 00131, 000 10010101007, 10 00101000 (1001 11101οἰ01
300100100101.

Iunior 8111100110, 100 1103000 8010 8110110010 1., 000010 0101
0301100110 000 0010000 80100110000 111100, 011010101110000-10001011, de
Puh'ne. 80 01001 im 10100 1141. (1100110100. 011. 102.)

XXXIV.

8111100100 000000, 1001111000 001 1. 1. 1., 0001000 1100001001, 11001003
0011111100, 000000011110011 110111110 100 8011001100 (1011101010, 8001300100
10 100 010000 11100100011001, 0001 100000 Το10 um 10010101011110 ganzo
003001 001 11000001011 000111100001110011003 110 00 110 1001000, 01001103
001 80100000 1000 000100811110011. 001101. 110111110 01001 um 100 1010
1100 01001107. 110 0000011 0000110 110110800100101101010 80100100300,
0000011 00 001001100001111003, 100 11100100 80 rm 1 0 01 000100, 010 0001 0001
01110013.

[1101030 000 101001ῳο03 100010 101 0001 nieht 0000111010. 81011001 8010-
3001003010301001100 11000110110, von dem 10100 8000 mehr 00 110100, 0010

Fontes. x. 9

 

