118

11111 111 11111111 (1111111), 1111111111 111111 (1111111101011111) 111 11111
nach 1111111111 1131.

Ρῑίηέρενρ, 1111111111, 11111 111111 111 11111311 1111111, 11 111 111111
8111111111111111111111111 11111111111111111. 0. W. W.

01111111111111111111111111, 111 111 das (111111 8111111111 1111118111 , 111
wohl der 1 I 1111 111111 11111111, 11111111 1. 1100-1130 1111111111. 8111811111-
namiger 8111 [11111111 11111 1111111111, 11111111111111111111, 111 11111
1111111111 1111 Jerusalem, noch vor 1111111111 1116. 1111111111 jfingerer
11111111 Colo 1111111111 111 Stiftung des 0111111111111-1111111111111111111 1111
11111 11111. 11111111111111111111 111 Horren 11111111111111 111 1111
81111111111111111111111111111. 811111 11 111111 (1111111111 111 [111111111111-
111118, 1111 18111. S. 375 1. 1. 1.) -· Die fibrigen 1113111111 11 111 111111
1111111111, und 11111111111 1.1120-11311. (11.1111111111111111 Laudes 11
11111111, 1.Β1., Personen-Verzeiehniss.)

CCXVIII.

1111111111, filius 1111111111 1111111911 (11311131 111 rechten 11111· 111
111111, 11 111 111111 81111111111111; - 1111 11111 111111) 111 111111111111 111·
Ρ11111111111111, 1111111111111111111111111 11111111 111111 dem 811111
11111111 (1111181111 (111111111111111111, 11111) 111 11111111111 11111 1111
1111 11 Ansprueh. 111111191111131111111111111111111111111111 durch einen Ver-
5111111 1111111, 111111 1111111111 111 1111111111, welche 1111 111 11111111
111111, 111111111111111111111111111111 1111 111 11111111 Besitzungen 1111111111 111
11111 111111111, indie 111111 111 11111111-1111111111 1111111111 111 111811111·
Schirmvogtes 1111111111, 111 11111 111111111111 und 1111111111 111111111111111,
11 6111111111 111 1111111111111 Leopold III. und 111111 811111 1111111111
111111 0111111111 VI. (11.),1111111111111118111111. 1111111111 811111 Leo·
poId 111. 11. (1111111111 11111111, S. 15, 111. 23.) Dies muss zu 111111
1111111111 1121, oderim 111111 111 11111111122111111111 1111, 11 111ςί111111·
1111111 September¹ 1121 111 111 1111111111111 81111 111Ρ11111 11111111 1111111;
1111113111 01111111· von 811111 11111111111111111 111111122111111111111111111
11111. - 11111111111111111112211111111111111111111., 11111 11111111-
berg, 11111111111111 (1111111, 111. 111. 8. 87 1. 1. 11.), 111 1111 1111111111111
111111 1111111 1111111 11. 111 111111111111 1111122), 111 Schinmogt

11111111 11111111 1111111111 111111111131111111. (VgI. Nr. ccxxlv.)

· CCXX.

111111111111111111 von 811111, 1118111111 1111111, 11111111 1111 1111111,
11111111 111 ,111111 1122 111111111111111111, 1111311111 01111111 VI. (lv.)
eine 11111 11 11111111111111, 11111 111111111111 1111111111111, wie 111111
Mon. 1111111111111 111, 1111111 1111111111111 (1111 Magnus Klein) 111 11111131
1111111111 111 nahe 111 11111111, welches in den 11111111 811111111111111 11111
1111111111 genannt und 111111 111 111111111111 011111111111 1111111111-

1111, 1111111111, 011111111111, Η1111111(1111111111111, 11111111111, 1111111111-
11111, Η1111111) 1111111111 11111.

 

