301

Tismo oum pairs 11010011. 110. 1110.
111114.

Τ10100 61101 0111101011 01 0111110,
1. 0. 1120 0111111. 31.

110100 oognsius 00111101 00 00111-
10101, 1. 0. 1180. 000111. 80.

Tismo 0100110101 10111101 00111101
00101111 00 1111000130, 11. 01075.-
no.

Τ10100, b. 0. 1110. 011. 38.

Tiomo (Timo), 1. 01083. 11. 01101.
111. 15. - 0. 1110. 011. 27. 011.
30. 01130. 01111135. -o 1110.
CLXIX. 12.-0. 1120. 00111. 51.-
0. 1130. 0011110. 58. - 01180.
00011. 80. - o. 1130. 000110.
80. ’

0101111001 0001 oompars 11111101,
10001010000011111.0.1100. 11111.
22.

01011010,1. 0. 1110. 01120. ·

010110110111011111,0.0.1100.11111.
1111. 13. 1. 11111. 14.

01011011010110111010(61110110011)
11. 1100111115. m.

0101101101016110101010101101-
rusti. 1. 1130. 01111130.

01010111011111010101101110011111
(1111111111. 1. 1110. 11111111
11. 161.

0101101101 61101 Ropotonis nobilis
01 Gsppo. 1. 0. 1100. 01111. 30.

’ 0101111101 possessor prodii invilla
Bigariin, nom. s· 1141. -- 200.

0011101101 01011, 1. 0. 1160.
0111111. 73.

0101101101 0011., 1. 0. 1100. 00101.
76.

0101101101 possessor prodii Gun-
magos, o. 1100. 0001111. 83.

01011011, 0. 1100. 111. 01111. 15.
1111. 1011111. 21. o· 1000. 10111.
20. - o. 1110. 101. 26. - 1120.
011111. 31. -· 01130. 011111.
CXXXVIII. 35. 0. 1110. 01111. 36. 0.

1115. 011111 - 11037.- 01100.
CLIX. 30. - 1. 1216. 0001111. 86.

0101111010011, 1101011001 00 -·
101180. 0001110. 81. ,

chunradus IIurnpaoIr 00 - 1.

12884337.

nicopoli, 1. 0. 1100. 1111. 10. -
0. 1002. LXIII. 19. - 0 1130.
0001111180.

0101111101 (0001 ministerialium 00
RinIinporgs) b. o. 1130. CXVIII. 32.

0111011101 01 111101 ojus 001100111.
0. 1133. 000111. 03.

010101101,1.0.1110. 11117.
111111. 20. 001. 28. 0111. 30. - 0.
1125. CLVII. 53.

0101010011,1.0.1110.00128.

010111001, 010111011111100111.,1. o
1000-253,

0101110οε 10111101 1101110011, † 0.
’1110. 0111 28.

010111001, 10 monasterio convorsus,
b. 0. 1120. 0001111. 07.

01011101 01 filius ojusAdaIbor. 11. 0
1110111111111111. ’

01011100100111101,1.1.1213.-311.

0101110οε (0111101, 0011101), t. 0.
1100. 111. 0. XXIII. 10. - 0. 1110.
LXXXIV. 2I.- 0. 1083. 011. 30- o.
1100011.0111.-30.0.1130.0110.
32. 011111. 01-0. 1121. 001111
51.-0.1110.001111.56.-0.1125.
0011111. 58.-0. 03000160-
0. 1136. 0011. 00111161-0 1150.
00111066.-1.1161.00111111.
72. --0. 1160. 00111111. 73. - 0.
1180. 000110. 78.

0101111001,101100000111111.

Tybisohius dapifer 01100111 rogis,
1. 1. 1268. -321

1110000011, 0100110οε 00 -1.0.
1203.-281.

’110101101101110010011110100-
1. 1. 1277. - 326.

 

