116

111111 111 1111111111, 1111111111, 111 8111111 1111111111 81. venen, 1111
1118111111 11111 1111111, 111 1111111111111 111 Bislhume Pesesu, und 11111
11111111 11111111 111 Lehen verliehen, die dsvon den 1111111 111111. 111111
111111111111 11111 1111111111 111111 1111111111 1. 1170 11 11111 [11111111 111
baierischen Kloslsne Aldsrshseh 11111 111111111 111111 111111111111111111111111

11111111111111111111 11111111 Heinrich ll. Jasomirgell. (Menum. 1111.1,3311,
111. 61.) 81111 1111111. 00011111.

Vlll.

1111111111, 1111 1111111111, welches· 1111111110111111 111111111111
Τ111 111 1111111061, 17. Mei, 111 dem 111111111111 8111111 11111111 1111 111
1111111 81111111 Α1111111 1111111111 111, 111 11 111 1111111 8111111111111
(1111111111) 11 111 01111 111111111111111) 1111111 11 1111111 1111. 11111111-

111111 8111111111Ρ11111111111111111111111111) 1111111111, 111 11111111 11
11111 111111 1111111111 1111111111111111 11111111 1111111.

Ale Grenzen werden 1111111111 0111111111, villula, sehon 111111 111 111
1111111111111 01111 11111111111111 111 11111 mehr vorhandsn3 1111 1111111

der veniente Name Klesdorf 111 11111 11111 111 1111111 11111111111111
(1111111111 1111111111111-011111 1111111), 111 111 111111 1111111111 811111
Waldes 11111111111111 und hohenburg, 11111111 11111111, 11111111. 111111
11111111 1111111111, welches 111 „salzpurgensis ecclesie 11111111(ί 11 11111
11111111 1. ese-994 11111 1111111111, 11 welches 111 11111111111111111111111
1111111111111 111111 11 111 01111111 1111111111111 11111 1111111111 werden.
(1011111.1111.111’111, 1111187111208.) 81111 Dr. 1. 1111111111 111111 11 111
111111111111111111111, 8. 100, 191, Nee 1111, we 111 111 mulhmsssliehe
111111 11 11111111 01111111111 11111 11 11111111111111,1111111111011
11111 11 1111111111 1110111111111 'Pi-aimanor, 1111111 11111111
1111111111, 11111 1111111111 1111111 111, 111 111 01111 1111111111 eine
11111 [1111111111 1111111111 111 1111111111 111111. (11111. Archiv 111· 11111111-
111111 1813, 111. 111, 11.Η11., S. 284, Nn. XXVII.) Ven Chlebiderf ging 111
11111111111 1111111 1111111 111111111111111111 11111111111, 111111111111
111 1111111111 1111 111 1111 :

1111111111, 1. 1. Τ11111, 1111111131111111111 11111 81111111111111111.
wohin es jelzt eingepfsrnt isl; — von 11 1111111 nach:

Ghufarin, 11111111, 11111111, links 111 8111111 111 1111111111 1111111111-
1111111. 1111111 111111111111111 111 11111111, welches 11111 Wiesen 111
1111111 111 11111 11111111 1111111111 111 111 111 Hauplslrssse 1111 81. Ρ11111
11111111111111. 11 111111111111111 muse 1111 1111111111 1 1111111 haben,
ven 1111111111, 1111111111 (Nn. 1 und lv), 111 111111 1111111 Bel-ges wohl
zu 1111111111111. 11 111 (1111111111 111 81111111111111111 111 111 1. 11111-
111111 111111111 1120 111111 es: „ll ὅ 1111111 (111 1111111) se vorzeiten
111111 11111111 1111111 genesen, 1111 11111 111 111 111 1111111111 111
Ρ111111111.“ 11 111 gleichzeitigen 1111111111 11111 men demgemh'se 1111
11111111 111 ,0111111 1111111κ 11111111111, 111 1111 ehemaligen, 11
Ende des 15. 111111111111 1111111111, 11111111111111 1111111111 se
11111111.

 

