112

Lau p 11 Idus, 111111 domini 0111111111,

, ΜωωωωΜ-Μ

11111111111111111111), 1. 1. 1100.
11111. 9. 11. 11111. 10. XXIX. II.
1111.111.11101111123111111.
21. -1. 1120. 0111. 10. 011111.
15. ·- 1. 1125. CCXVII. 53. - 1.
111000111111. 56. - 11125.
0011. 58. - 1. 1130. 001111. 50.
-1.1125. 0011111160. -1.1131.
0010. 71. - 1. 1130. 0001111.
91. - CCCLI. 92. - 1. 1133.
00011. 93. - 1. 1156. 00011111.

1111111111, 1. 1. 1100. 1111. 22.

1111111111, 111111 31111111 111111-
Iinberge, 11. 1. 1120. CXCVII. 18.
m.

’ 1111111111,111111 eujusdam Potin,
cognata RudoIfi archipresbiteri, b. 1.
1131. CCCLIII. 02.

1111 1111111 uxor sigibotonisde 111111-

111111, 1. 1. 1133 111137) CCCLX.
93. 210.
1111111111, 1. 1.1110.111.1111. 21.
11111111111(11111οΙ1)1.1.1110. 111111.
16. 11111. 23111111. 21. 101.
25. 011. 30. - 1.1115.001111.61.
1111111111, 1. 1. 1083. 0111120.
1111111111 11 1111111 ojus 1111111111 11
PiIigrim 11111111 1111111111, 1111111-
steriales 01111111111111111111111,11. 1.
1125. 011111111. 16.

1111111111, 0111 11 - 1. 1. 1135.
00111. 65. - 1. 1125. 00011111.
00. 1111111111 ejus 1. 1130. 0001.
81. m.

BerIoIdus‚ 1111111111 11 - 111.
11331 000111. 01.

1111111111 11 - I. 1. 1175. 000111.
81.

1111111πί111 1111111 111 monasterio,
I. 1. 1130. 00101. 78.

11111111 11 1111111111 1111111111111, t. 1.
1160. 001011. 71. —- 1. 1170.
00011. 18. 210.

1111111111 11111111111,1.1.1152. -
271.

1111111111011111111), 1. 1. 1100.
XII. 0. - 1. 1110. 001111. 59. -
1. 1180. 00011. 78. CCCXI. 79.
000111. 80. - 1. 1181. 000111.
80.

111111(111111), 1. 1. 1100. 11111. 9.
LXVI. 20. -1.1115. 01138. - 1.
1130. 000111111. 88.

1111111111, 1111111111 11 - 1. a.
1300. - 351.

11111111, 1111111111 11 -1.1.1195.
-280-1. 1203. -281,

11111111 11111111, 1.1. 1180. CCCXXV.
81.

1Μ1Μ1ωωηη1
76.

111111111111111,111111111111 -
1. 1. 1133. 0001111. 95.

1111111111, 11. 1. 1110.11111. 23. r
1111111111,1.1.1232.-300. }
1111 11111111, 1111111111 11- 1. 1. ,
1120. 011111.13.-1111111. CXCVII. ,
15121.

Lupus Pertoldus, LupulusTiemo,
11. 1. 1175. 0001. 78.

11111111, 1. 1. 1180. 000111. 80. ;
Maginus, t. 1. 1110. CXIII. 311-1. ²
1115. CLXVII. 11. “
1111111111, 1 1. 1110. 01. 28.
1111111113,011111-11.1.1283.-
331.-1.1. 1281. - 333. ,
1111111111, Ilugo 11 - t. 1. 1186. ¹
00011181. ’

 

