185

1118111ςωὶ1 111 111111011111 (avunculus, 1111111 1111111111) 1111111 111
’ 11111 1133. (81111111. CCCLXV.) Feruor bei 111111 811111111111 11111111 111
11111111 1111111131111 111 111 Ι11111111 1111111111 11 1111111111 de Perge
11111111131111111111113111111111111111111 „aquam quam 11 1111111 11
legati traditione 1111111111 nomine (11111ρὶ11 11 11111 11111 11111111111111111-
11111111, 111 11111111111111111111 (11111 „in 1111, qui 1111111110111111111111.
(81111111111 11311111, S. 31, Nr. 8.) Die (111111111111 (1111) 111
11111111 11111111 111 1111111111 Pergo 11111 11111111 0111111111, 1111
chri 11111.

1111111 111 01111111 11111 im 11111111311, 11111111Ιί11 1111111111 111111
111111 111 11111111 1111111111, 111 111111111111111, 1111111111
1111111111 1111111111 uus 1111111 111111111111, [1111111111 111 Perg
(1111111191) 1111 11 111 111111111111111 dem 1111111111111, Herzog
1111 1 l 1 V. ( 111.) 1111111. (Vm-gl. 11111 111. eccm.)

1111 1111111111, 111111111 11 11111111-111111111, 1111 1111111 11111111
11111111 111 1111111111, 1111 1111 1111111111111111111111111111111111111111
1111111111, 1111111 111 1111 11111111 111 111111 11111111.

11111111111111111111 11111111111, 11111 1111 11111811111 1111111 111 11111,
1111111 8111111. (1111. 111. cchvl.)

0111 111 1119111111 11 frater 1111 1111111111, 111111 11111 8111111111 11
11111111111111111111,11111111111 11111111111 111 11111111111 11111-
11111111111 111111111111-1111. (111 1111111111 111 11 11111111111111111111111
11111111 1111111111 1121-1231. 11 11111111111111111111111 111111111111111
(1111111111, 111 111111 Familia 1111111111111111 0111. Aua 11111111111111·
burget 111111111111 11111 11111 111111 wir 11111 01111111111111111
111111. (1111111111111 1. 11111. 1811, 8. w, 11, 1111 111 11111111111111. 1.
11111111 111. 111. S. iau-141.)

CCLVl-Vll. ·

1111111111 11111111 111. (11.11111111131), 1111111 11111 1111111111111
(1111111113111, in (11111111111111181111 Heinrich und 111111111111
111 11111111 11111111111111111111 1111111111. 11111 111111111111 111 11111
11111 11 Τ1111111(111 111111111111, 0. 1111), 1111111 1111111111 heiligen
11111111 1111111111.

11111111 1111111 111 11111111 11111111 dem 811111 1111 11111111 113111
(11111111111111 opus), 11111181111111111111111 111111 (11111, 111111), 111
V. (11.1, 111 11111111 1111111111 111 1111111111111111111111111111111111111
111111. (Pastum 11 omnem 11111, quem 11111 111111111111, metris 1111-

111 111311111111811111111 1111111 1111111111 „per 111111 11111111111

Heinrich 111 1111 fi 111111 1111111111111, 1118111111111111111111.
811111111111111111111111, 11181111 81111111 1., (11111111111113111111
1111. culm Ersterer, 8131111 11, 111 111111 11111 811111, 1111111 1111-
11111111,1111111111111111111111111111111111111111.
111111 8111111111 Sophia 11 11111111111111111. 11111111

 

