¹ 01131, Pcppc 111 - 1. 1. 1188.

102

16. - 1. 1110. 0001111. 65. —- 1. 01111111111 (0111111111, 011111-
1180. 00011. 79. dors), 01111111 11-1, 1. 1100.
0111111111 11111 01111111 11111111- 01119160.
prunnon, 1111111170001011176. Eppo, ingenuus 11 - 1. 1. 1120.
0111111 (2101111111) 1111111111 111 0011111115.-111111111111111111-
- 0111111111 111 endem 11111,11. 1. 11111111, 11. 1. 1120. 001. 10.
(1111111111) Cominus 111 -1111-
111.1111110000111163-11115.
000111. 61. - 1. 1130. 00011. 67.
- 1. 1136. 00011. 82. (81111 111111
01111111). 111111111111-11, 1110.
00010. 8911 0111111, 11. 11. 1131. γ
00001. 92. 1111111111-1.1.1180.
0001111. 81.-1. 1130. 000101.
96. - 1. 1133. 00001111. 91. 1111,
1111111111111-11117000οΝ17.
01111111111,1111111111161-1. 1. 1111111111 dc - 1. 1. 1120.
1110. 0001111. 611. 101· 00001111. 99.
011111, 1111001111. 9. 00111, 39. (mmm, 1· ⁰· 11⁰⁰· 11111111·
01111111, 0111111111111111 1111111111 01111111, 0111111111 111 - 1. 1.
111-11.1.1120.001111.11.1θ1. 1130. 00011. 67. 198.
0111111111, 0111111111 111-11111111 1111111111υεῖ 0111111111, 11111111
111 - 1. 1150. 00011111. 69. ’

1160. 000111111. 69.
011111 vidua 1111111110, cnm 1111
11111111, 1. 1. 1110. 0111. 31.

0111111, 0111111111 de - 1. 1.
1118. 0001111. 70.

01111111111, 01111161111-1.1.
11118. 0001111. 70. .

000111. 1111111111 0111111111
Winchel.)

111101111111, 1. 1. 1131. 00011.
65. m.
0111111111,11111. 1. 108111. 2.
011111111111,1111111111111-111111,

000111111. 69. - 1. 1. 1160.
000111111. 69. ’
01111111 do - 11 11111 1111111,
11111. a. 1289.
1111111111111 - 0111111111.

1.1.1276.-321. .
0111111111 1111111 1111111111 11

1111111111, 11 1111111111 1111111111,
1. 1100. 0111. 19.

011111111111,1.1.1131.0000111.91. 310.

0111111111, 1. 1. 1083. 01. 30. - 0111111111111111101111110111111111111,
c. 1110. 010111. 36. - 1. 1120. 811111 fratres dom. 01111111, tna.
001111. 11. - 1. 1130001101. 71. 1286 ·- 333-331.

- 1. 1180. 00011. 79. ν· 1. 1190. 0111111, 111100111111111.

1111111111 111 - 11111 1110. 1

11111111111111111, 1111181. - ⁴

0001111. 86.
0111111111, 1. 1. 1120. 0011010.

-1.1. 1130. 011111. 35-1. 1110.
0011.12.-1. 1130. 00111111. 58.

011111111 11111111111111111111111 000101189-111350000111196

1. 1. 1120. 0000111. 96.

0111111111,1.1. 1109. 01. 18.

011111, 1111111111 de - t. 1. 1190.

00011110. 811.

01111-111. 21. - 1. 1110001011. 01111111,01111111111 61 -’1. 11. 1191.

59. - 1. 1125. 00101111. 60. 1.
1170. 0001, 77. - a. 1131.

00001111. 93. -·- 1111 1116.

000011111. 97.

-. 278.

0111111111,111311111111111 11- 11

finus ejus cornardus, 1. 1. ,1111 ³
cccxx. 82. 111.

 

