188

1) 1111111 do ’11616161 16111111 11161 1161 101666 161 11 1161 1011161161
[11166116 11111 1161116166111166111111111 8111111611, 1069-1071. (81616 1116
8066116361 111.1.11611Ι61’1 16 161· 11616 91, 82119, 16116166161661116661166.)
1) 6611111111,Λ11111111(11) 61111161 6161 (1011611161. 11111111 (6) 61 111161· 6161
116 11611161. 1161111161 (7) 11611611111161161 man 111 161666 11 61161 1111166116
111113116161161’11.111 (11181611161111111061, 1611 11116 1108, 29. September.

(1161661111 166611811, 111. 6.) 166 1161611111 (1) ist 616111 1161161·
10116111 1116 1111661 11161101· 6116161161 1161 61161 1166 166661 des 8111111116161
16111611616661611,111298οι11. 1136: 1111116111 116 166616 11611161 6161
fratribus 111116611611161611686611116166, 1161111116 116116611616116, Ernesto
116 1161111111. - 111111 11101 1166161616 161 861111 es 1611116111611 1016111
11116116 1161. Humidus Pater 1101111 1111111116νί1 1111111166ιωί (11661161,
1116161181111101111, 161. 969), 1616111161 11 1161 611661 8116611161 11161101·
Hormidac (2) 61111611111111161618616 1111161 6111 11161· 1161· 3611161161
81111161 111666111. 111111111Ιί611 vird 11610111111111663 1111111111, 161011·
1161116 16111616661161111616, 11361111611 1611661116. 111. 1116111111 161666 111111.
111611. styriae Τ611. 1, (11118111- Uber 11111161· 116 Τ16116111 611111611σί61
1161161161616116161116 116166 16 111. CLXXXVI und clv.

6) Emis! 116 breim, 1111111 1111011961661 116 beben, 111 611111
101161 8111116111 1116 816163111116110 166 11160161666111116616116111616.- Er
1611, 1161 61161 161111161111661111166. 611. 856 1616111666 016116, 111616
8161111161 Α d 1 1 r 11 1111610161 16111, 6111 11 861111 116 conversus 1611 101611
16061161661161661- 86116 86166 (1161661111 (8) 1111 11611611 (9) waren
gegenwfirtig, 111 1111111116666111 11. (1.) 1101161166 811611 1616616611
Τ6111661611011 11116161 16111116 1111, 616111611011611113 6116 8611661613
11161116. (81610 61161161161 116161161, 8. 29, 111. 26.)

61111111 1111111616 1616616611 11616161666 616 9616111611661 11 1616-
16611111111611, 111. 0161-8611111116, 1611611 0161-11611111161, U. 11. B„
6161 1161111613. 11161 1111 1111111 61111 6611 11111616111161 161610161811116-
11116116 1613666111 1111116, 11161611 1161111 8111111116111111116 11611111 111·οβ
’ (0111116 116 111116161161611), 1616611161 611 11161 1611111161 des 161·
1161161111, das 1611111616 Gut 11111 1116111,11111 111111 6616116, 11616 1161166-
11116 (nuper 11161116 sanctorum 1611611161 11610611), 11 6666611111 1613661161
1611661

1161116116 (de 11611111) und 1111611661 (110 8661116166), 1110 01161610 1166
101616116601; 11611111, 1611 11161161.

1161166161· 116 6111161111. (81616 111. cccxxan.)

0111111111 116 1116611616, 1661111611, 1111161166 (1611611611161 6611 11616
111116111010. 0. W. W. (81616 111. eccm.)

Μ661616161 frater 61111 1161111νί611 116 16116111εά6νῖ, 166 16161611 611 ,
61 (1611111161. 1116 11111116111116616 11161661 0110 6611 8166611116 61161111610
611161, 1161016 161 11661 111116611111161616 110316161116111111111 11111 111616-
116111111616111111616111661166161111 1111116. 8111161111 1116111166 110 dine
111110 1111 (111611116166 1611111161111166(161866611611661811116 Klein-hria-
zell, 116 116111616νί61 11161 6111161161 11611. 161 11661616ςί66 1116161 sustu 101111
611 X VII. Kalend. 1611116111. 11611166νί66 conversus 66116661616961161116

 

