1111111111 11 111111 1111011111
1111111111), 11. 1. 1121. 01017.
1111111111 11 filii 11119111111111 11

105

1111111 eum uxore sua 11111111, 1. 1.
1120. 0111110.
1111111, b. 1. 1130. 001111. 00.

111111),11111111111111. nabor, 1. 0. 1111. 111111. 11.
1111. 11111Ἰ 11. 111111. 11.

1111111111 111111 1111111111, t. 1.

“ 1102. 0011111. 72. 001111111.

11. 11111. 111111. 11. 111. 11.
-1, 1135. 0001111. 95.
Η111111111 (1111111111), 1. 1. 1083.
11. 1.-1.1090. - 253. - c. 1100.
1111. 12.-1.1092.11111.19.-1.

1110.101.20.01111.30.-1.1121.

010.17.-1. 1120. 01011.18.-1.
1121. CCIX. 51.-1.1125.001111.
111-1. 1130. 00111. 01. -- 11130.
001. 00. -1, 1115. 001111. 01. -
e. 1118. 001111Π. 00. - 1. 1130.
001111. 07. - e. 1100. 001111.
08. 0011111. 09. 00111111. 73.
-1, 1180. 00011. 78, -- 1. 1130.
000111111. 91. - 1. 1133. 00011.
93. - 1. 1135. 00011111. 90. - 1.
1150. 000111111. 97. - 1. 1100.
00011110. 99.
11111111111111,011ο11-1.1.1190.
000111111812271 (vgl. 11111-
1111311111.)
01111 Rudiger, 1. 1. 1175. 000111.
81.
1111111(11111ο111),011111-111-
κ· 11111111101111111 regis, 1. 1. 1201.
- 315. 317. -iudex generalis, 1.
1. 1281. - 330. -11281-333,
1111111111, 0111111111 11-1.1.1180.
¹ 0001111. 80. - 1. 1191. - 278.
11111111, 1. 1. 1120. 011111. 11.
111111,1. 1. 1210. 0001111. 87.
Η1111111111(1111111), 111111111111
-1.1.1283.-331.1. 1281. -
333.
1111111111 (11111111), 1.1. 111011.
10. -1, 1130. 0011111. 57.
Η11111111, liudolfus 11 - 1. 1.
1100. 0011111. 08. 201.

(8111111111 11111 111 111111-
hart.)

1111111, 111110 000111111. 98.

11111111111111111111111111,111-
11111111 111 11111111), 01111111 judex
11 - 0111111111 11111111 11-1111-
dungus 11 0111111111 11111 11 -11.
1. 1289. - 310.

111111, 11111111 11 - 1. 1. 1138.
0011. 01. - 1. 1130. 00111101.
111111111111 nobilis, 1. 1. 1110.
1111. 15. 01111. 30. 01111. - V.
30. -1, 1120. 0011. 50. -1.1110.

00111111. - XXX. 50.

1111111111111 1111111111111 1111111111
111. (11.) 1111111.,1. 1. 1121- 272.

1111111111111101111111111),11.
1120.0111.38.01111.11.0111111.
15. - 1. 1121. 001111. 0011. 52.
-1.1130.00111110700111111.
11111111. 11. 111111. ’11.
00011111. 90.

0111111, mem. 10811. 7.-1. 11110.
0001111. 98. ,

1111111111 0111101111111, 11111101-
111111 junioris, 1. 1100. XLIV. 11.
111. 11. 17. 1011· 202.

0111111111, filius 111111111 junioris,
1. 1. 1123. 011131. m.

Heinricu's 0111111111111111111, Ri-
11111 11111 ejus, 1111100. 111.
17.

111111111111111111111 Heinrieus
0110, 1111111111111,1111111111111, b.
1. 1180. 000111. 78.

0111111111 1111111111111111111, 11.
1. 1110. 011. 29.

Heinrich 11 111111 ejus 1111111111, 1.
1135. 00011111. 90.

1111111111 bavarus, 1111. 11111 1200.
000111111. 80. ’

 

