228

11111111111311111 11111 11111111111111111111 11111111111111111 111 111111,
1111 81. Florian 1111 11111 1121111111111.(811111,[11111111111111118111111
8. 29, 202, 2³9.)

1111111.

0111 de 1111111111, zu Rametsberg, 111111 111111, 0. W. W„ 11111111
(11111111111111111111111111 11 111 8111111111.) 01111 (1111111111 1111111-
911111111111111111111111 11111111 im Fragmenta 111 11111111 11111111 111111-
logiums 111, 111 lgn. Keiblinger 111 (1111111111 111111 8111111 (1. nd„
S. 1160-1182, 1111111 Columna) 111111131111.

1191911, 11311113, 11111 Ρ11111Ρ111111111111. 0. W. W.

CCCXXX.

1111111111111 111 1111111111, 1111111111 1111111111,11111 111111 Am-
1111111, 11111,111111111111111111111(1 1188) 11111 1111111 11111111 111 8111-
11111111111111111111111111111111111, 111 11111· 11111111 (111111 111 111 Ips
1111111111111 war. (Mon. 1111. 111, 312.)

1111111111111,111 011111 super ybsveld gelegem in 1111 11111111 1111111111
111111 111 8111111111, 81. 1111111111. 11111111 11111911111111111111111
in 1111111111 1111111111 (11 S. 11111111) im lpsfeldo.

11111111.

oudalricus, 111111 111 1111111111,1111 11111111, 111 Thale 111111 11111111, war
111 111111111111, 111 1111 dispensator, 111111111111111, 11111111111111111111111
111 81111111 Tuta 1111111111111. (Uber 111 11111111 Μ111111111111 111
111111111111111 1111111 11111 111 1111111 111. 1. 111111 11 0111111 111111.
(111111111111111111, 1. 81, 111. Η11., 8. 133, 11111111 1111111311 S. „vm—565.-
11. Bd., 8. 119.)

Ν1111111, 11111111 1111 111 1111111, 0. W. W„ in 111111 111111, zu
81111111111, 1111 111 11111 Zeuge 111 1111131111

1111191111 111 1111111111111, 111111. , .

11111 11181111111311111111 (11 familia nostra, vgl. Note 1100111111)
waren 11111 gegenwfirtig:

1111111111 111 pall, 111111111 11111111.

1111111111111111111, 81111111111, 11 11181111111111111111 nach ¹
st. 111111.

Ρ11111111111111111 (1 11111111), 111 1111111111, 8111111111111111

Η1111111111 11111, 11111111 im 11111111.

1111111111 11111111, 11111111 111 811111-11111111111111111.

1111 Anfang des 111111111111 111111111111 111111 11111 111 1111111111
1111111111111111111111111111118111111, ja 111111 111 1111111 11111111111111,
111111111111 1111111111 ’1111111111 111 (11111111111, oder nach 1111111 81111111
111 11111111 1111111, 111 Zeugen 111 ’1111111111 1111111111.

 

