396

1111111, L 1. 1130. 00111161. 11111111111 miles de -1.1210.
11111111, 1. 1. 1115. 01111111. - 322. ’
11111, 0111111111, 1. 1. 1190. 01111111111111111111111,111160.
00011111 85. 00111111. 13. - 11 1111111111. 1.
’11111 (1111111 1), 0111111 11 - 111000101116.
1111111 vir, t. 1. 1281. - 333. Durine, 1. 1. 1130. CXVIII. 32. - e.
1111111111, 0111111 11 - 1. 1. 1110. 01111. 36. -1, 1100. 0111.
1120. 01111111. mu. 30. - 1. 1125. 0001111. 00.

· Τ11111,111111111-1.1.1216.-321. 1111111111, 1. e. 1100. 0111. 39.

01111111, 1111111111111 11 -1, 1. 01111, 0111111111111111111 11111-
1190. CCCXXVIII. 1. 000111. 85. 11. 1. 1211. - 326. 011111111 civis
228· in 81111, 1. 1. 1286. - 331.

01111111111111111-11.1. 1190. Tuto 111111 1111111111 11111111111111
CCCXXVIII. 85. 1111111111 comitis, 1. 1100. 1111.

0111111111, 0111111111 11 -1. 1. 20.
1130001111166101ο-11160. Tuto, 1. 1. 1101. 111. 13. ,
CCLXXII. 61.- 1. 1136. 00011111.

98.

Ε.
1311111111 nobilis, 1. 1. 1160. Ε1111111,1.1.1095.110.8. ·

0001111111. 99. 1111111111, 1111. 0111111111 11111111-
11111 11 rus ministerialis episcopi 111111111111111 - 11. 1. 1281. -
patav. 1. 1. 1131. 0010.13. 330.
11111111 familiaris, 1. 1. 1135. 11111111111111, 1111111 -1.1
0001111. 93. 1160. 0010111. 13.
11111111 (11111111), 1. 1. 1125. 0011. 0111111111-1. 1110. CCXCVII.
58. 00111. 59. - 1. 1130. 001111. 16. 213.
59. 0011. 62. - 1. 1110. CCLVIII. 0111 111111111111111111111- 11
113.- 1. 1160. 0011111. 69. - 1. 1. 1211. - 326.
1110. 000111. 89. - 1. 1131. 0111,1111111111111111111111, 11.
00011. 92. 1111300111. 63.
1111111111111111111111111111111,11 Ε111(Ε111,Η1111)1.1.1111028.-
111111 ejus 11111111, 1. 1. 1083. 1. 1130. 00111. 61. - 1. 1130.
· XXVI. 11. 262. 001111. 00111 CCLXXI. 61.-1.
01111111 ministerialis 1111111111 1160. 001111. 66.
comitissae 11 1111111111, 1. 1015. 11111111,1,1. 1. 1118. 00111111. 66.

-m 111111 11111111 11111,1.1.1110.
1111111111.1005.1111.8.-1.1100. 00011110. 96. “

1111.11.1.1101.111. 13. 111. 11. 1111111, 1. 1110. CLXVIII. 12.
-1. 1120011101311. 1115. 11111111 maritus Hiltipurgis‚ †e.
011111. 11. - 1. 1120. 0011. 31. 1110. XLIX. 16. 1111. 11.

-1.1130. 00111. 61. —- 1. 1113. 11111111, 1. 111100. 1111. 1211111.
001111. 61.-11130001111166. 11. 111. 13. - 1. 1092, LXIII. 19.

 

