118

811111111111111, 1111311111 111 0011111168.) (8111111110111,
-1.1.1210.-287. 111ςὶ1311, piligrim, Sigi-

Rapoto 1111111 seculo 1111111111, 111111.)

1111111111 1111111111, 1. 1. 1001. [1111111111 111 - t. e. 1181.
111. 8. 000111. 80.

11111111 nobilis. (ioppe uxor 1111 wichardus 110111 111 - (111-
011111111111111, 011111118011, 1. 11111) 11. 1. 1180. 00011 80.
11100. 01111. 30. 111111 11011111 - 11. e. 1231.

1111111 1111111, 11. 1. 1100. 11111. 0. - 300.

1111111,11111111111 1111111111. 111111111111, 1111111111 (1111111111
1100111. 18. 111 -1.1. 1203. - 281.

1111111, 1111111111 11111111, 1. 1. 11111,Ι procurator episcopi 111111.
1120. 011111. 11. 1111111111, 1111111.1.1130. - 207.
811111111116101111,1.11201- 11111, t. 1. 1083. 11. 1. - 1. 1100.
281. 111. 0. 11. 10. - 110811111,

11111111 111111 domini 0111111111, 1. 11.

1. 1110. cvl. 20. 11111111, 1. 11101111. -1.1120.

1111111 1111111 1111111111, 1. e. 1180. CLXXXVI. 11.

0011111. 72. 001111111. 73. 1111111111 (11111113), 11111111111

1111111, 1. 1. 1100. 1110. 11111. 10. 111-1111 sorore 111111, 1. 1. 1110.
1111. 12.- 1. 11101111111111. 01111. 12. m.
16.111.17.-1.1002.1111119. “ chunradus 11 0111111111 de -
— 1. 1100. 11111. 22. - 1. 1110. germani 1111111, 1. 1. 1110. 0111. ¹
CXIV. 31. - 1. 1120. 011111. 13( 12.
11. CLXXXIV. 11. - 111111121. 0111111111 111 - 1. anno 1102. ¹
11111111-1.1111111111111. 1111111111.

11111111, 1.1. 1120. 0001111. 00. 81111 111 - 1. 1. 1160. 001011. ’

1111111131 (11111111111181, 111- 71.

1111111111), 0101110111111- 1. 1. 1111111111 111-1111. eirea 1110.
1207. - 281. 281. 000111. 06. ,
1111131111 111 - 1.1.1268.- 1111111131, 0111 111-1. 1. 1110.
320. - 1. 1276. -3211-11281, 00011111. 08.
330.-1.1281.κ-333. 111111,1.1.1110.101.26. -

1111111, 111111111111111111111111111111- Regilinde Gottwiei 11111111, 1
fissae, 128οο 1120. 011111. 13.

1111111, 1. 1111. 0. 28. - 1. 1110. 81311111111 11 duo filii 11111(οο
01111. 36. - 1. 1121. 0011. 10. Hagenaui), 1. 1111. 101111. 27.

111111111111,Ε111111111111111- m.

(111 0111111111111111), 1. c. 1100. Reginbertus 111 familia ecciesiae,
0001111. 80. 1. 1. 1160. 00101170.

11111111(1111111),111ςί131111111- fleginbertus (Reginprehi)‚ t. 1.
111 ejus sigifridus (11- Megingoz 1100. 111111- 11121. 0011111.
senior progenitor eorum - 0111 11.-1.1111.1111111.11.-1.
filius 1113115111011111111), 1111111. a. 1160. 0011111. 60.

1116. 000111111. 07. (001111. 01. 111ςί111111, 1. 1. 1100. 111. 9.

 

