207

111 11111 811111·Ρ11111111-Ρ11111 Ρ111 lagen. st. 1111111111111 111 1111 ι

111 01111118 111 8111111 1111111111 11111111 1209 11111 11111111111111111-
1111111111, 11111 Sprengel sich 1111111111111111-0111 1111111 1111111111,
1111111111111 111111111; 1111111110 11111 1111111 1111131 111 11111111111
111111111111111 111111 Ρ11111 11111111. (111111111111111 11111111 11111 11
11111111111111 Topographie, vl. Bd.; 0111111 st. 1111111101, S. 311-
308, 308.) ’

01101111111111 311111111111111111111113 1111111111111111 111 1111-
1111 811111111111111111 8111111, Herzog 111111111111111113111, 1111111

111111111111-1111111111111111111111 (1111111) 1111 11111113111 11111131- .

111111111 01111 111 dem 111111 1111. 111111 1101111113 1111111111, 111 1111
111 1111111 11 0111111111 1111111111 111311 111111111111111111 111111. ,

CCLXXXIV.

Ρ111111111111Ζ11111111, von Zemling, 1111111111111111 11111111111,
U. 11. 8., 1111111111] 8111111111 111111 11111111 11111111. welche 111
28. Ι1111 11111 11 0111111111 11311111 111111 (111111111111-1.1.111111-’
111-11111111 apud 1111 1111111111) 1111 11111 111 Niuindorf. 1111111111111
11111111 Niuwendorf zu 111111111, 11111111 111 1111111111 (11111111 111· 11111
111111 11111111111 (1111111 11111113) 1111111111 11111, 1111 1111 Ρ11111. 1111111
111. 111. 1113, 203111111111 1111111111111 soll? 11 1111111 11111111
0111111111111 111111 11 nur: 1111111111 0111111111 1101111111 1111111 11111
01111011111111111111, 11. 11111111111111 11111111 11111 1111111, 1111 111
01111.
. Perinyerm 11111111 111 111111111111111 0111111111, 11111111 1111111111
1111111111111111111111111 (1100), durch 111 Η111 11111111111111111, Herzog
11111111. (Vh), 1111 3111111111 11113111 11111111, - ,111 residentiam
mmm - 8111111111111111, 3111111111111111111111111 8111111111, 111 11111
weingarten 11 0111111 (111111) 1111811111 1111111113 11111111. 111111 11111
111111111 111111· 111111 111 0111111. (0111111111111 8111111 0111111113 111
111. 811111, S. 8, 1311151, 11111111111111111111111111111113 11 finden
1111, 11 111 1111 11 Wissgrill's Sehauplatz des landsfissigen 1. ὃ. 11111. 11. 111,
8. 301. 108, 118111.) Am Ρ11111 111 11111 Veste Zemling 11111 11111
111Ρ1111111111,1111111 1111 11111111 111 11111111, apator 1111111111 Eggendorf 111
wude haugen, jetzt eine 113111811111111-8111111. ’

eehxxxv.

1111111111 de 1111111111111 Bassing, 1111 111 111111111311111, 0. W. 111..
111 unser 81111 11111 1111111 111131 Bositzungen 11111111 11111. (1311111111,

ehxfflss 1111111111 1111111111, 11111 Stammgut 111 01111111 11111111·

11111, 11111111 1111111110. W. W„ liegt, 111 11111111 1323 111 dem 811111
11111 1111111111 111111, 11 11111101111111 111 1111111111 11 1111111111 111
1282 bis 1325 sehr 111111 Zeugen 111111111110111111111, 111. 111. 111, 111-110,

 

