196

1110111106 IL? Auch im 11100101000601001 800110010 100. 011. S. 73, Nr. 353,
0111 010 (1110100001 mit dem Vln‘eo 0001011 01οΡ0100110 000011611. Die
8111111100 110110. 11006010 1010, 8. 262 001 263, 101011 wohl der 1101101·
110000. 110011 110110 1600101 1101010 1101006000οη (101100110111 1111 1101110 111
110010101011. 110001101100001100, 101110. 1819, 1.Η11., S. 3 0. 0. 1.), 010060101
1111011101 1. (000101), 000101001011010110111010100 1000011111. (lv), 001011 101
1136. 11010011 1000 0010010111161 00010160000101 10 0100160101100001001
11110010,1101010 Dr. v. 11011101 0010 101110 1172 10180100601001 11εο00100
(8. 11, Nr. 81) 01010111, 101010106 0006 1100011, 1010 80600 100 Ηο10000 11010-
110610001011001101010000 00 lesen: 1110111000 10 Ρο1110011 01111100 0100 1111-
101100. 1110001 Ε 111011 010060101 0101 sehon 101 01001601000110600 (10110110-
001001011000110101101171, 010 31. Mam, 010 001101010011001 11011 001
101000101101101 (Fischer, (1000110610 100 111001010001010, 11. 111,
8. 62, Nr. 111), 10101101, 00 0110010 106 mir 00601101 zu hemerken, 01110001
110 0600 0111111010 80101100001001111110010001060 111. Dr. v. 11011101 (11010214,
S. 231) 10 110 101010010610 Herzog 6010110110, 01172 001000 zu 1010000 010061,
01010010110 111101 010001011οο 0010.

111011101 100 Pe 10 0011 10110 sehon 111601, 01130 1010010010
80100100οε0 0001 1111111010 00100061, 000 0. 1141)-1110 001 010006 eine.
1016010000 01111101000000 ΝοοΙ110010100001011 6101601, 10106 110 Hand:

Βο1101110010 prinzlanisdorf. 1. 1. 100 Ρ11000101011 00 1016101001, 10 101
Ρ10110 6010101011, 1100111011 100 81. 111100. Die Zeugen waren aus der 1110000001
100 Ρ11000101011.

11011001 110 0010101000100, 1011001611οὴ 111601101010 (10100 (1001101010),
10101 110110 1101011100.

1101011000 de Hun‘win, 1111110. ’

11011010010101111,110101, 31111101; 00100 0101- 001 Mittor-liade!
101110610010011000110111101 110000;110101-1101οΙ 0101 0006 81. 110100101100
0100001001 101.

111001000011000110010110, 00011 1010 11100100 800000110060 0011101109, 001
001 10 1010 80001011010 100 miz-1590 ,1011100 ain 11οβ 101110101011,
011000111οὴ 100 111010101011.

cchxn.

Siqifrid 01 1110011000, 10100110100101000 11101110ῐο00 111. 1111111111
0101061606 gemacht 101, 0010011100 01000 010000016011 1110160011000000 0001
1111111010. [1100010000 bei:

1100100110, R 0 0 0 0. (81060 Ν1. 00111.)

81011010, 8011000 00111011, 0060 1010 806011010060, 101 0101 0011011
10100 10 01000 11101000 801100010101110000 01010001. (101111. ccvl.)

Wachauue, die 1100100, 1010001606 110 81100110 001 (1101100) 1100000101,
100 80111610111001010; 11010101 0601· 11001100 010 011000010 101, 1000
1010001601106101110111110100001111010000101110000010101110001011
100 110010001-Τ10100, 10100101 zu 1010101011. (0601010 (1000610610-
101001101 1811, 11111, 11.Η11., 82119.- 11016Ιί0001, 6000110610 100 11011.
Ι. 111, 8. 77, Note 1.

 

