1611

CLXXXV.

0116 (16 1116111661, 1111116666, 61111166 1661 81111666611616666, U. Μ. B„
661· 1618111616616161196616611116, 66616166616161666661616, 66 616 6666 116
1166161666661961· 8661116666 9666661 werden (Ioc. 611. 8. 290, 291, Ν1.’661).
0116 1611166116 1616 811116 616 061, 66666161 16111966 1111666, 661666
16111616 666661616111666616 11116 666 661661 81111669 16 1111116619 1116196666
1161166 war. (116111166111. XI.)

1116169666 16 866661616611116 6616166669 16611116. 0616116166 6111.
V. U. 111. 11., lv. Β1., S. 267: „bis 16 1616 166 XIV. 166166616116 6111616 166
6116 6666616661 1611661666661“ 66. w. 661661 661 11616616 9666966166
11666166. 116 ,161116 1333 66666666 6616916661 1661161666 und 66166 Η6661166
Elisabeth 116 116616 1116616666. (1166666619, 0666616616166116666611666-
6619, III. Th„ 1169661111, 111. 962, 963.)

61161111.

waltherus 16 treisma, 66 161 1161666 6661661966116166 1169111611,
616666161 1611 661166 61111616 11611616 (16 66161666). 11611661 (de 1199166619
6161 walde-k), 1116661 661 anderen Familiengliedern 61116616 16 6666166 1111166166
161666661110-1110. 1616 116166616196 161 16161 11616111. CCLVIII 16 116166.-
11611661, 161 811116696611616 166 111661616666619 vom 16616 1136 166 6616616
1166916111616866616161666 6666661, ware. 1140 der 61966111666 01116161
166 11696611661-6116111611666111166 16 81. 11611166 161 1161666, 16166666 1161-
1696661119 661 Τ1616616661. (81666 Archiv 1111 16616 661611. 666661661691161166,
11. 111, 8. 269-260.)

11661111νί61 de Α6916, 661 1616616666 6666 6666 161 1161666 661666
1116666111 966661, 1666 16 111. 66011111 11616611 1611 1116111161· 116 treisma, 6661-
111616 116111611616661616116616 616 16696161. (1191. Nr. CCLVIII, CCCXLIII.)
· 116611166 611111 166 6116616666161166616 des 861166161169666619161
669666661616166661, 111 116916, 6111169 6696111611, 661 66 6611 6666 16 161
11166 161 Τ16166111666166, 661616616 1616161611 616 1111116111, 11616666 Au

(111666) 61661 9616966 haben, 6616661166 16616611661191666166666116161611
116116. (Ν666 961611196111116611669 16666666. 116116 WiIh. 61116119.)

CLXXXVH. 1

1116916966 11611116, 666 616616 61166, 666166661 661 66619 666666166
06666166616, 166 6616611 8111 16 161 669661 1661161166 116116 661 6166 16166
1616611666 86666666966 66 666611166161 666161666616. 16 66661616 866166666
616666166611666 111166 16 0116 161619661611161661

Ρ11191161, 6. 1160 616 16696 61661 1161966669Ρ11191116616116116916, 161-
611116Ιί66 661666 666611 1616661166, 16 1161111 (81666 6666 Ν1. CCL), 161661
161 8661611666 166 81111668111166161 661 Ρ66666, um 16616611120. (1111166166-
1666 1661166166 ob 16111666, 1, 1133, VIII.)

1116916966, 966 16166 116 11661 6616661611616 (patruelis 661) 61119116] 616
66666166196116 11166661611 66 161 86616116, Ρ1611601666-111616116161611,1111.
11., nach 06116619, 6. 1120. - DIeser 116 916961 mages 6666 9666666 6616,

 

